Column 0:
0.161631
0.108761
0.0664653
0.0634441
0.0619335
0.0483384
0.0453172
0.0438066
0.0407855
0.0377644
0.0362538
0.0287009
0.0271903
0.0271903
0.0256798
0.0241692
0.021148
0.0196375
0.0181269
0.0166163
0.0166163
0.0135952
0.00906344
0.00755287
0.00755287
0.0060423
0.0060423
0.00302115
0.00302115
0.00302115
0.00151057

Column 1:
0.161631
0.108761
0.0664653
0.0634441
0.0619335
0.0483384
0.0453172
0.0438066
0.0407855
0.0377644
0.0362538
0.0287009
0.0271903
0.0271903
0.0256798
0.0241692
0.021148
0.0196375
0.0181269
0.0166163
0.0166163
0.0135952
0.00906344
0.00755287
0.00755287
0.0060423
0.0060423
0.00453172
0.00302115
0.00302115

Column 2:
0.161631
0.108761
0.0664653
0.0634441
0.0619335
0.0483384
0.0453172
0.0438066
0.0407855
0.0377644
0.0362538
0.0287009
0.0271903
0.0271903
0.0256798
0.0241692
0.021148
0.0196375
0.0181269
0.0166163
0.0166163
0.0135952
0.00906344
0.00755287
0.00755287
0.0060423
0.0060423
0.0060423
0.00453172

Column 3:
0.161631
0.108761
0.0664653
0.0634441
0.0619335
0.0483384
0.0453172
0.0438066
0.0407855
0.0377644
0.0362538
0.0287009
0.0271903
0.0271903
0.0256798
0.0241692
0.021148
0.0196375
0.0181269
0.0166163
0.0166163
0.0135952
0.010574
0.00906344
0.00755287
0.00755287
0.0060423
0.0060423

Column 4:
0.161631
0.108761
0.0664653
0.0634441
0.0619335
0.0483384
0.0453172
0.0438066
0.0407855
0.0377644
0.0362538
0.0287009
0.0271903
0.0271903
0.0256798
0.0241692
0.021148
0.0196375
0.0181269
0.0166163
0.0166163
0.0135952
0.0120846
0.010574
0.00906344
0.00755287
0.00755287

Column 5:
0.161631
0.108761
0.0664653
0.0634441
0.0619335
0.0483384
0.0453172
0.0438066
0.0407855
0.0377644
0.0362538
0.0287009
0.0271903
0.0271903
0.0256798
0.0241692
0.021148
0.0196375
0.0181269
0.0166163
0.0166163
0.0151057
0.0135952
0.0120846
0.010574
0.00906344

Column 6:
0.161631
0.108761
0.0664653
0.0634441
0.0619335
0.0483384
0.0453172
0.0438066
0.0407855
0.0377644
0.0362538
0.0287009
0.0271903
0.0271903
0.0256798
0.0241692
0.021148
0.0196375
0.0196375
0.0181269
0.0166163
0.0166163
0.0151057
0.0135952
0.0120846

Column 7:
0.161631
0.108761
0.0664653
0.0634441
0.0619335
0.0483384
0.0453172
0.0438066
0.0407855
0.0377644
0.0362538
0.0287009
0.0271903
0.0271903
0.0256798
0.0256798
0.0241692
0.021148
0.0196375
0.0196375
0.0181269
0.0166163
0.0166163
0.0151057

Column 8:
0.161631
0.108761
0.0664653
0.0634441
0.0619335
0.0483384
0.0453172
0.0438066
0.0407855
0.0377644
0.0362538
0.031722
0.0287009
0.0271903
0.0271903
0.0256798
0.0256798
0.0241692
0.021148
0.0196375
0.0196375
0.0181269
0.0166163

Column 9:
0.161631
0.108761
0.0664653
0.0634441
0.0619335
0.0483384
0.0453172
0.0438066
0.0407855
0.0377644
0.0362538
0.0347432
0.031722
0.0287009
0.0271903
0.0271903
0.0256798
0.0256798
0.0241692
0.021148
0.0196375
0.0196375

Column 10:
0.161631
0.108761
0.0664653
0.0634441
0.0619335
0.0483384
0.0453172
0.0438066
0.0407855
0.039275
0.0377644
0.0362538
0.0347432
0.031722
0.0287009
0.0271903
0.0271903
0.0256798
0.0256798
0.0241692
0.021148

Column 11:
0.161631
0.108761
0.0664653
0.0634441
0.0619335
0.0483384
0.0453172
0.0453172
0.0438066
0.0407855
0.039275
0.0377644
0.0362538
0.0347432
0.031722
0.0287009
0.0271903
0.0271903
0.0256798
0.0256798

Column 12:
0.161631
0.108761
0.0664653
0.0634441
0.0619335
0.0513596
0.0483384
0.0453172
0.0453172
0.0438066
0.0407855
0.039275
0.0377644
0.0362538
0.0347432
0.031722
0.0287009
0.0271903
0.0271903

Column 13:
0.161631
0.108761
0.0664653
0.0634441
0.0619335
0.0543806
0.0513596
0.0483384
0.0453172
0.0453172
0.0438066
0.0407855
0.039275
0.0377644
0.0362538
0.0347432
0.031722
0.0287009

Column 14:
0.161631
0.108761
0.0664653
0.0634441
0.0619335
0.0604229
0.0543806
0.0513596
0.0483384
0.0453172
0.0453172
0.0438066
0.0407855
0.039275
0.0377644
0.0362538
0.0347432

Column 15:
0.161631
0.108761
0.070997
0.0664653
0.0634441
0.0619335
0.0604229
0.0543806
0.0513596
0.0483384
0.0453172
0.0453172
0.0438066
0.0407855
0.039275
0.0377644

Column 16:
0.161631
0.108761
0.0770394
0.070997
0.0664653
0.0634441
0.0619335
0.0604229
0.0543806
0.0513596
0.0483384
0.0453172
0.0453172
0.0438066
0.0407855

Column 17:
0.161631
0.108761
0.0845921
0.0770394
0.070997
0.0664653
0.0634441
0.0619335
0.0604229
0.0543806
0.0513596
0.0483384
0.0453172
0.0453172

Column 18:
0.161631
0.108761
0.0906344
0.0845921
0.0770394
0.070997
0.0664653
0.0634441
0.0619335
0.0604229
0.0543806
0.0513596
0.0483384

Column 19:
0.161631
0.108761
0.099698
0.0906344
0.0845921
0.0770394
0.070997
0.0664653
0.0634441
0.0619335
0.0604229
0.0543806

Column 20:
0.161631
0.114804
0.108761
0.099698
0.0906344
0.0845921
0.0770394
0.070997
0.0664653
0.0634441
0.0619335

Column 21:
0.161631
0.125378
0.114804
0.108761
0.099698
0.0906344
0.0845921
0.0770394
0.070997
0.0664653

Column 22:
0.161631
0.137462
0.125378
0.114804
0.108761
0.099698
0.0906344
0.0845921
0.0770394

Column 23:
0.161631
0.161631
0.137462
0.125378
0.114804
0.108761
0.099698
0.0906344

Column 24:
0.190332
0.161631
0.161631
0.137462
0.125378
0.114804
0.108761

Column 25:
0.223565
0.190332
0.161631
0.161631
0.137462
0.125378

Column 26:
0.26284
0.223565
0.190332
0.161631
0.161631

Column 27:
0.323262
0.26284
0.223565
0.190332

Column 28:
0.413897
0.323262
0.26284

Column 29:
0.586102
0.413897

